#define wnd_size_width 64
#define wnd_size_height 48
#define block_size_width 48
#define block_size_height 48
#define block_stride 16
#define cell_size_width 16
#define cell_size_height 16
#define PositiveSampleNum 7000
#define NegativeSampleNum 91300
Descriptor = {
  -2.742814,  -9.579901,  -6.947931,  -4.541677,  -4.291589,  -1.070550,  -4.633014,  -0.357847,  3.783390,  1.467953,  
  2.853114,  2.441579,  5.598172,  -2.293964,  -2.259395,  -0.040098,  1.318024,  1.936630,  2.280645,  2.867552,  
  -2.395836,  0.394036,  -3.095278,  5.478523,  2.000959,  5.414706,  1.497312,  3.421407,  2.368237,  3.286981,  
  4.899742,  2.633581,  2.377944,  -1.248914,  0.835954,  2.316296,  0.346096,  -0.070413,  1.026289,  0.824407,  
  1.852545,  0.446633,  1.552457,  1.191504,  -0.737684,  -4.147024,  1.906916,  1.806989,  -0.266012,  6.124580,  
  4.415663,  0.274271,  -0.264643,  -2.972711,  -2.732243,  0.706891,  0.905914,  -2.213772,  -2.933710,  -0.108691,  
  0.477571,  1.898175,  0.105295,  1.600220,  1.395574,  3.714786,  3.310009,  4.184102,  3.718874,  1.868633,  
  -1.212331,  2.776755,  1.149816,  3.214999,  -0.990084,  -2.004773,  1.190847,  -0.660206,  1.126724,  1.578734,  
  -0.032428,  -0.305919,  0.286402,  -1.216441,  -1.322345,  -0.698873,  -0.559503,  0.348550,  1.044724,  0.802329,  
  2.972828,  -2.193728,  -1.825239,  4.027952,  2.777807,  2.838034,  3.613908,  -0.263343,  3.406671,  2.162877,  
  1.793302,  -0.029076,  -1.066083,  -0.694157,  -0.222665,  -0.479694,  3.291975,  2.130214,  4.049778,  0.923879,  
  0.267316,  2.929550,  3.666287,  3.532299,  2.044081,  2.505566,  4.241131,  0.080917,  -0.568785,  0.898290,  
  0.934346,  -1.149287,  0.664148,  -0.253944,  -0.844897,  -1.397181,  -2.752302,  1.549933,  0.390872,  4.019862,  
  5.444205,  0.156475,  -0.130242,  1.594566,  -3.095485,  2.152534,  -1.549031,  -3.717432,  -1.511095,  -3.594497,  
  -4.125240,  -4.989837,  -4.970931,  -0.754781,  1.981827,  0.688174,  0.344804,  -1.213206,  -1.657730,  4.950796,  
  4.106659,  0.797891,  2.725252,  1.837922,  5.140787,  2.702069,  4.992822,  0.142843,  -2.394747,  -0.075839,  
  3.339273,  2.132618,  
};
 rho = -16.095934;